1558
5137
3611
3444
7666
2828
184
907
7670
4160
3301
9343
6371
2728
9407
8342
5961
871
8949
8149
2472
1032
241
1193
5503
6558
9664
5005
1662
8732
1694
5465
9685
2018
9996
4940
1920
1263
754
619
1532
8423
3008
8124
9377
4084
6044
7057
3752
7433
9526
2775
7036
8957
3747
4667
5626
9327
9828
140
1086
3117
3388
5280
3528
603
9275
5156
1617
9448
6764
9702
1838
4113
5903
9647
5647
581
3060
6122
3947
9154
9855
5873
6319
7105
6153
5691
177
973
5783
8916
6933
1455
7582
4848
2284
1379
4564
5224
2522
3705
8517
7464
9552
2456
2592
7468
4160
5062
5629
3405
6298
4104
2123
5532
9342
3555
8488
9834
5359
888
5069
3396
318
5699
4293
9
9062
3776
709
603
4299
7030
6140
1039
8509
8769
8594
418
1279
9303
7547
4707
9046
9059
7255
6826
1122
3766
1809
5056
7899
4651
1417
7789
4747
2047
407
6222
9365
1873
5344
1225
4249
6798
5074
3425
1695
1649
6959
661
6472
662
9103
3232
3374
6423
9869
562
425
2813
6196
9967
9568
1553
7760
3859
9331
9026
6120
6586
2723
8256
4687
9132
6109
1987
866
688
1741
123
6309
4218
8718
6551
2435
6220
5328
7123
3112
4926
9817
8874
3854
7218
7742
5972
310
8548
6802
7229
3896
3559
5081
8280
6892
3934
1944
2973
3222
8397
4009
544
4659
6963
6733
4640
9747
5297
4475
5325
6316
5667
6694
478
4965
8157
9364
4241
9430
1703
2312
624
3827
5185
6863
2718
839
3202
5114
4829
9815
1109
9909
5944
826
7356
9729
3412
3735
5172
7201
8485
3849
9411
5184
5085
4263
817
569
7284
290
7219
8514
3196
6794
9135
1314
5119
6928
8996
6790
279
5460
8422
7208
4931
338
4083
1598
1884
4245
1965
9128
2100
1419
2346
5657
714
7847
4332
463
5801
9543
2475
70
4490
4510
1570
3237
2936
1905
2854
9275
1434
1499
2082
9654
2548
7996
7748
3996
6981
2443
8234
3502
7751
2875
8514
930
7947
4213
5443
2221
4459
8056
2822
9650
2198
5860
7170
2623
520
6637
2834
1829
7459
1097
8385
1384
8337
5566
8994
784
1297
8056
139
2003
6355
4523
8505
5550
5778
733
2640
5024
800
5073
7706
7401
11
226
785
1124
5725
3976
8856
7460
7576
2946
1689
54
9704
5916
6269
1209
2620
4064
7674
244
6867
2771
873
2730
9129
37
8936
9353
7485
4434
191
5762
7614
194
7046
9484
7603
9523
9972
9783
1368
3329
60
6443
4124
5829
9360
1018
6214
5224
7343
1443
3743
3242
3366
6405
1937
2491
8651
6096
1056
5107
5609
7064
3248
2189
1592
4877
4121
4996
1535
8776
2125
1904
5784
2254
7306
3840
3592
2640
1164
1095
8793
7388
9332
7056
4264
9536
7848
2439
4778
5444
7413
3051
5374
6247
6763
6877
5027
7937
8493
5948
6057
5245
5539
1099
8040
3057
7000
90
965
1548
8611
538
4051
7031
9423
5427
5047
9067
4661
5415
334
509
9906
4056
848
9496
7529
3036
5189
4122
2064
171
1328
2438
8337
3504
2301
9027
8592
6413
7856
5393
1658
2968
3237
9295
7898
5461
786
6499
1206
9788
9010
7923
8238
1361
2793
3513
5777
9934
6663
7554
8336
6662
9132
1300
9746
8200
1656
385
7698
2836
8293
9395
8650
203
9459
7642
8670
5234
5436
4552
2456
4308
8605
3763
9342
4088
5466
5526
9510
8677
5715
8203
5506
7996
5608
9872
4633
183
3496
1185
7928
6705
7854
1747
5169
897
1350
1781
4398
7149
5383
1934
1958
1953
100
2965
2439
8622
9855
9745
6667
8312
2572
3960
8142
2117
1676
2986
2522
6560
7621
3674
9862
9990
887
1216
995
5509
5562
9699
5139
9310
1957
5348
3599
8231
383
8680
3454
79
3613
2496
4233
9339
1745
142
9186
5711
5377
2376
6400
7149
4612
7103
2822
6933
1392
9611
5635
7821
662
4668
5907
8563
9114
1083
5971
8743
6966
5233
1097
2699
1190
211
8363
391
4995
2965
8024
973
6846
4328
3551
3536
48
4621
9272
7858
5797
3506
7409
7360
5714
4013
5704
6911
5937
1466
3067
5856
4105
1578
4972
966
1790
5502
1672
6170
4387
4725
3506
8709
7526
2030
7954
3374
7428
9646
154
2374
1853
7230
4507
765
7129
7854
5206
1078
678
6718
9404
5164
8617
1058
1967
1067
4785
4516
9537
7862
130
4919
7159
8625
9172
4639
5275
4754
8387
9000
2377
1180
967
8789
3811
2351
3489
7149
8947
2398
9360
8670
5991
5038
576
3250
1002
2413
590
174
2180
3615
5690
4122
4253
4790
4055
9519
4167
1724
4610
9666
163
1028
2366
149
1378
2795
8060
8986
1014
7969
4624
5916
879
249
790
2505
6529
5369
8761
7621
4547
5768
2904
7268
5481
6620
4509
9393
3384
1083
2341
584
8725
2067
6184
4465
338
3006
2538
5960
2814
1997
280
4940
6967
2478
7575
9804
6337
9600
655
798
5609
790
2340
6520
3685
771
4662
1347
5188
3105
9356
7989
593
7511
5475
6379
7732
2111
3005
6218
7744
7571
7730
8090
1716
8954
8406
2326
811
5035
1170
8000
9194
7013
4393
3952
2441
7560
6285
9802
5710
4674
8197
368
6591
5009
2696
9115
7070
1278
4557
7707
3679
2888
1444
6247
6880
3710
3490
3957
2021
8686
7124
3314
1544
345
1381
6580
4469
2867
4083
152
95
7403
1859
8005
4720
4433
8865
7074
6556
3781
2274
389
7492
4762
853
5666
4817
7175
6945
1971
8251
3555
6821
1728
2517
9213
7127
5189
1947
1088
4924
2836
5876
2635
4150
1151
9375
3038
5666
3092
7559
3798
7937
5140
6018
7356
6101
2901
3428
5216
3569
8483
9576
2755
5302
8470
5449
6617
5401
1866
3675
2846
683
7750
2290
9727
199
8575
4401
5185
8396
9995
2978
7946
8453
1147
4325
9017
648
2269
5519
2555
9702
3302
4352
9044
4287
1171
6692
1611
1514
5146
222
6322
9848
5573
9433
8224
2324
7092
7633
4530
2130
9119
3300
959
2425
2380
8780
7376
4125
6159
4365
305
7985
4233
9655
1025
6908
9618
4610
303
7953
8115
3984
117
4630
5471
5258
2843
2368
4979
1470
5659
7158
4966
1704
4639
7586
5129
2222
2892
7746
9862
2698
7539
4382
6750
1624
4197
8606
3651
9931
4456
1156
4563
7887
7445
5409
6012
9967
4412
6875
5538
8826
7486
36
5110
636
5732
708
5767
2870
3261
260
5907
4889
1189
6876
9543
1089
326
8910
5641
5978
7115
3573
1639
6310
8365
5553
5644
9850
2782
5474
228
8121
9444
834
7030
893
4580
8278
1590
382
537
6994
2413
918
4186
5553
6057
3430
5838
6619
6784
95
3872
715
5034
394
3656
1519
6961
9430
8169
9399
908
8073
2868
3224
7779
9368
2164
4077
1941
4530
3587
4893
4061
5013
5206
5261
617
5263
3114
6242
4088
4374
3084
583
9287
1573
6371
6317
7049
6798
6561
6880
2362
8677
5272
8030
3853
9396
1823
1900
7490
8471
8419
9986
7023
3907
8493
8279
4877
534
1404
2739
2013
8094
4347
7571
4979
1132
3567
5601
3923
6604
6897
5805
8444
2017
2460
4663
2118
4852
1761
219
3893
8491
173
7380
5369
594
619
4408
6148
4549
9206
6591
3591
1274
390
9718
233
667
1749
8798
5322
6311
850
5535
1996
7265
5599
4174
17
9982
257
5177
1389
9538
4809
7972
5152
961
5771
7464
2102
5782
8690
8267
5978
9298
3356
9208
7534
52
595
7144
7578
1584
3631
655
6035
6045
9351
3337
9625
3044
1916
9667
1068
1249
3033
9318
6036
7968
2278
8069
9310
694
8036
4174
4802
4832
5208
1701
9359
4160
3570
4436
6788
1508
5619
451
2650
3429
1424
8503
8973
4672
8146
440
7514
1646
4663
43
3718
7194
8195
9658
3634
1555
463
5589
6347
8889
1790
2453
9464
4558
4510
4470
9599
1088
8838
7581
4125
5061
5615
9741
1997
1732
1018
3281
1383
4909
6341
4300
6795
7311
2495
5577
5812
4541
6375
5531
2760
9602
7014
119
8456
6176
2079
5388
4399
7980
7130
3158
5612
7593
5958
9731
4383
1435
3418
6256
6446
7751
5869
7690
3031
6159
144
4290
6604
8141
1365
1954
6804
3028
2264
6906
2940
2761
3638
3214
4423
6435
9434
1912
3830
74
1717
4933
3102
6262
5400
2921
8802
1234
1206
1889
5889
4448
2858
6557
499
9317
9931
2252
8064
1316
5063
3681
8093
5452
8701
7410
8987
4658
5709
8986
3612
4061
7984
6531
5714
9990
2843
9287
5244
7308
2873
9771
4342
8502
9076
3536
3038
8481
2841
9522
8249
5711
3780
5521
4431
7153
7682
7320
7482
1917
7087
6045
6619
2472
4699
484
3075
8685
258
4575
3696
178
9894
783
484
3017
8797
9194
2101
5851
2948
314
5370
6773
9185
5521
3335
2995
7008
4854
846
5522
1606
9846
5521
4046
1405
101
8887
7706
7922
1927
8640
5257
7468
4796
6562
9931
8098
6656
6788
146
8008
1277
8473
5205
281
748
3287
2776
4148
7190
4877
214
1513
1645
3860
654
7830
3627
3091
5567
8693
3941
2288
7591
2661
3717
6738
837
708
3383
5265
8009
2874
9856
9428
8502
4128
1599
7554
6015
2403
1909
7360
1698
4637
571
9633
6493
7709
4629
4389
9210
4512
5141
8568
389
1939
3569
4165
4959
315
5389
2175
4124
8840
9045
1316
6916
4879
3377
3621
9192
4474
37
8118
224
9519
8546
1240
293
1550
2083
4257
179
1177
8656
5377
5340
7913
9178
6823
3604
190
2306
7632
4187
3095
3900
1302
9311
8570
5620
7352
7317
5666
9756
3547
5127
4490
9315
963
6091
7960
8364
2796
4634
8622
6212
3
6718
1786
4094
3630
4265
6465
6837
3460
3929
2555
3678
8953
9008
8139
9519
5554
6514
7183
9936
2569
9957
470
4119
5280
2942
4110
6898
1884
4467
2741
7824
6139
4204
783
3836
2721
4937
8717
1178
5758
705
1289
3859
4632
9777
5768
6635
8355
6426
7870
1506
9600
6596
3727
4212
2295
5534
571
4223
8146
467
7929
3128
2606
3525
2991
6986
4489
2667
6794
2717
1655
5979
1626
7906
3932
4584
1520
8314
676
4946
9235
6548
79
7143
6268
4710
7459
5730
428
8682
2071
5081
5227
2175
1328
683
7598
4050
8890
1929
6672
8794
4182
6172
76
2854
8621
3315
7184
1760
3219
7972
8735
2477
2584
9765
9194
78
7646
951
9527
3795
3250
4681
3851
5765
5268
9509
9576
886
1374
3922
4243
2918
8332
2394
320
6970
400
9991
7134
4187
8392
6412
254
5363
2096
6604
8067
2477
1118
9542
1609
6097
16
9376
9951
3280
3970
7175
714
3876
9371
5533
4012
2709
7422
8739
4621
6970
18
4059
599
9550
6876
1185
8865
6895
4278
9680
506
8462
8123
327
1031
1465
6725
7685
5721
5939
1708
8896
987
6335
9057
8069
8429
3178
5642
6300
6522
8046
9400
9764
3958
4645
4557
3581
273
9574
8564
4773
2024
9105
1186
6857
4883
7744
3795
4924
8607
5541
4458
8875
7384
5546
55
8812
8330
3237
6562
7351
9813
5402
3658
655
7329
5120
644
5908
8239
3409
2360
904
4653
2494
7287
3613
481
8620
6285
2825
4326
6429
1077
9918
6008
273
8907
287
8581
3936
3842
404
5334
6389
3146
3466
2615
9026
75
6047
2987
2426
6326
6095
1171
8490
3324
6480
6861
8146
9383
5107
2835
2638
2442
41
4466
9485
4786
9914
1905
7060
8259
7565
1339
8285
2310
5141
3516
3437
1392
2978
2723
6730
5120
4243
2284
8164
9118
8222
4587
8635
5981
6364
957
1771
4249
5783
5304
9248
1553
6694
4524
5642
2590
5072
9263
6260
6379
9081
5181
4966
6595
652
5104
7774
248
8780
6449
1566
3069
195
5315
4983
1139
9793
410
3270
3730
584
3722
4944
7123
288
5688
5075
8140
1964
7859
2957
7759
9920
9816
4230
1918
5012
3665
2090
8895
9689
7862
9004
5330
3348
8216
6575
8142
2363
1443
1584
1485
1779
1511
6938
7386
8034
887
8463
6922
2510
2561
4559
9852
5654
7993
5486
7137
1123
4026
3716
5898
3917
3829
7621
3480
1591
5951
4595
2029
9583
276
8919
8561
8139
6537
9861
8903
6413
2078
4489
8286
8844
2016
9861
7439
9767
4890
5722
3100
3751
2135
7787
6436
328
7263
5221
9827
4679
4638
8245
4065
7994
1959
7617
9527
2000
4866
756
7255
972
7363
8879
8852
7947
3101
3133
1865
170
8589
1777
1082
1198
6750
4718
4432
2174
9130
4860
6466
3845
1539
2237
357
200
5502
345
8353
870
794
3684
507
8235
4410
6913
3250
6273
5459
1285
6616
4524
6270
9404
9328
8743
6817
8955
2288
5636
6654
1422
7740
6218
3854
6444
2390
7131
1387
5738
964
6505
1105
7918
5714
2139
4516
2566
6911
1374
5660
4321
8379
8783
9248
7403
2253
9294
5619
2493
5165
3180
6879
8133
1383
2699
6698
4013
671
7403
1930
2896
8294
959
8181
2573
2227
4546
2269
4825
5607
4402
4115
9665
1401
6205
7722
7216
5249
3823
188
9790
3539
8090
5647
3626
8103
7708
8229
1135
4305
1028
1984
9967
92
11
9489
4463
3611
9497
4236
357
2091
4898
7900
7478
8954
8620
9025
1704
1568
534
8633
2481
4438
2415
8064
4360
7990
6866
9936
2505
2735
7261
6403
5783
9485
1178
3835
474
5535
735
1068
7396
5796
7748
9290
1596
2172
6173
8764
7707
520
195
6814
1792
6448
6586
3191
3342
8225
9393
2726
5489
9914
109
9888
8097
6785
2347
5356
1467
9546
6627
4689
247
5049
8170
9279
8792
4373
4452
4602
9238
8176
4286
1730
9587
7926
7190
3492
417
110
7838
1303
6909
9543
3260
5904
6924
522
8254
7221
5577
3062
1588
9562
9071
5724
8430
9673
269
4139
5900
8074
7789
282
7485
9145
394
38
9867
3133
5389
3224
322
8850
5924
9419
337
8587
4447
6027
892
7235
7973
1217
7357
4326
1749
5107
1660
8668
8272
6867
306
5514
5193
8638
6424
4555
5917
9991
8291
7447
7477
6519
6915
3221
7331
9577
6400
2529
9797
7006
8547
6063
6635
6336
9326
8433
5410
3840
1183
3048
9229
9266
3191
1379
9653
6768
5204
2540
6031
5662
1617
9599
3426
5063
5997
3269
1831
3211
4627
4188
249
6018
9734
3091
702
1093
5090
5160
8724
9660
6174
3175
9441
5560
5435
3154
662
116
3297
9852
7341
24
5488
9188
9945
3874
8025
9215
1658
7834
3402
1588
3711
2134
7625
3462
5772
7656
2369
7315
461
2100
6597
9527
7874
1745
2899
3691
8986
7953
9293
5717
8968
5077
378
6967
1455
778
38
4858
8140
5002
1938
4863
9928
5654
2942
7998
2556
6480
8103
4291
5232
7306
6062
2242
7080
4529
5775
8323
3483
1997
3379
8281
25
4388
1804
5158
7474
8143
2451
862
9586
8289
6213
8130
8088
7006
8318
7395
9986
3174
6100
8581
7646
957
9023
8782
5445
3881
6895
5970
4587
1292
585
2016
8143
2799
4057
8766
6762
5024
9792
5433
4473
6436
5970
2000
4422
5899
675
897
7734
1770
4470
7594
2129
9736
2676
9369
6980
3192
4337
315
7546
3174
2842
1007
7522
756
4158
2398
8747
744
1687
2209
4293
1907
9541
998
3605
5741
6494
4947
6289
5203
9397
2965
5922
6403
2050
8425
7493
2567
4817
5982
7036
56
7331
900
4643
5100
1747
5195
5026
3044
3459
3270
3995
6773
6386
4762
1301
3788
2970
7422
9724
4364
6162
2343
4286
7193
2914
8140
1384
7604
3459
7826
772
5963
6936
3675
4250
4648
841
2296
8609
7288
3322
6483
8850
789
3192
7060
3581
8808
6541
9147
4522
8099
9397
7190
1293
4790
4965
8569
5146
877
6507
9210
7916
2827
2081
943
129
6462
467
2516
585
2971
5271
9616
8887
4575
369
9433
5352
9626
4679
8071
3021
7056
7419
6187
6787
2200
6900
1262
4802
9151
8899
6609
1976
6892
7548
1248
2450
8909
6451
867
4689
7205
593
2344
9768
8142
4682
8288
6023
6344
3518
7708
1693
7604
7450
1841
7186
4420
1690
6402
7055
6248
703
4248
2881
631
7986
5025
5990
761
3181
7823
1066
7001
5971
493
6769
820
1167
6069
8836
6445
8602
5842
8166
1354
6557
8868
9838
8736
5389
5555
4689
5531
7271
7511
7140
2652
552
2628
5231
3265
7
183
1117
525
7800
9377
1022
3081
3293
9118
5450
9063
8338
5869
2962
9877
8371
613
2612
166
634
2071
5096
7302
6879
9691
2182
3099
879
7050
1286
4569
4546
270
5678
4045
1866
1054
5648
107
8358
4947
8407
7633
6760
2191
2221
906
5734
5284
2439
862
2676
4079
7704
216
6073
3976
1369
4561
5526
9506
942
8604
3663
3063
7587
4775
4095
4716
5084
8397
1541
5779
1682
1525
5793
3730
223
5867
7961
585
5976
3433
9123
3864
9134
4115
7803
4955
137
1626
2746
7993
2245
2285
4861
183
5676
6344
2248
4348
5210
5379
8989
6791
9348
5762
5414
3536
1084
3855
3514
8988
3909
8064
7256
9323
338
8934
742
2611
5266
5910
4702
8428
2583
5359
2203
5581
6022
4165
1645
3346
5688
8258
7835
6937
3700
2095
6232
9727
9506
8741
9684
5746
3678
1235
924
7822
347
4331
8349
2560
1616
3040
5519
9599
8713
2127
2657
7211
6337
7028
1931
7963
8789
5773
8795
7716
2850
699
4654
8107
8239
6236
9321
7337
1846
8197
3381
4983
102
8392
1881
1351
9211
4880
3072
5020
8967
8390
2235
8878
54
1309
9820
4334
3737
453
1761
3198
3616
1926
1173
6082
9299
7176
5115
5781
3386
9670
6626
6580
9326
486
2942
4598
6638
1477
3844
6555
9017
7034
8136
610
344
5819
1572
2335
9389
3626
5122
6816
3901
9033
8283
4058
7121
2829
4266
4124
5515
8291
1172
6980
6305
363
9863
2233
8840
3676
2642
4303
664
8113
3953
5742
7382
7461
8805
135
3718
1926
1174
3495
3061
178
3935
2829
8365
7467
1510
1928
7179
7755
4275
6472
5995
9112
5918
4998
3435
2772
9619
3851
7498
2456
7379
7070
6398
3977
6270
8934
1816
5161
1372
4328
9041
1606
6346
3503
4853
5321
4144
4472
3746
8948
2904
1919
2915
7715
1939
5379
8735
589
8141
1546
1841
3677
3576
5010
8045
622
3150
9923
3253
6462
2897
9803
8622
5016
4893
9598
7035
2881
6881
7672
8945
105
4387
5653
3100
7683
4551
7120
987
1670
1614
1411
9022
1133
1181
2985
6416
4277
4270
373
6228
7291
2583
846
8554
3894
3352
7547
3241
3459
8799
6725
9450
1031
18
5093
8379
9864
7108
3438
3054
3572
5922
3309
7891
8694
4056
3677
5696
9664
16
1351
4883
1014
6687
2309
4020
4264
253
3560
6822
3039
739
429
5717
5464
2203
856
4535
3463
773
8873
3860
7810
2322
6167
92
3024
8231
8106
5049
4192
5674
3317
6455
555
5703
1466
4190
5557
9560
5137
1567
6055
8205
7772
3202
1231
3258
1405
8338
162
7795
8428
5978
7334
4977
7801
7997
9694
8840
4528
919
1676
6521
302
892
8096
7770
508
6758
8624
3085
3459
9690
47
9577
9414
671
3887
1521
6669
4217
5435
7494
8045
8015
1486
1222
9284
9681
3134
2094
4422
2965
4003
1932
2662
7559
6477
620
1123
3928
41
5052
5185
5198
1596
1316
5540
7751
3225
5404
9359
193
8014
2211
2627
7581
1102
8916
5559
4639
2737
892
7816
9078
9117
8258
2753
2605
5764
3629
5404
177
3281
8387
8637
3924
8529
1591
8946
3199
1350
1051
8097
568
3141
8883
4946
3797
7778
4684
2103
947
1542
5042
5925
7876
8949
6652
5748
9426
5623
2727
4137
1422
9473
3828
5731
2955
4068
4201
2082
3761
1969
8832
8741
1519
8823
1761
8797
9168
2625
3269
3885
1601
7754
2322
5738
7611
1492
4938
478
9149
1851
3367
125
9891
5444
3801
7114
9169
8595
9119
1614
6716
9238
9424
3728
7011
8313
7551
6861
8044
5090
1734
1885
2900
3667
4001
5293
6482
6029
1277
6748
962
4786
1669
9628
6580
1230
3399
9816
1489
787
3079
1824
767
7624
6759
5982
4601
6784
7661
7435
6261
5857
9749
5535
3635
6538
4035
8566
7493
7290
1361
9071
1598
3329
9792
385
8630
18
9212
3874
2559
5810
5846
4163
7875
9642
5054
2989
5118
4499
8615
6788
3797
3476
1974
5200
5730
4892
4974
1111
7591
2130
998
5484
663
8733
9965
579
4436
2445
8601
9304
9950
3228
9064
5375
5460
1650
4432
143
9859
3588
6703
6891
1728
1889
2426
3814
4587
703
8864
6010
653
4450
2100
9943
5888
4996
1120
5427
2667
5232
345
5354
368
316
9550
3020
8292
8741
1383
4246
1916
2275
3087
2919
7378
661
6887
3181
1176
9794
3613
7848
3021
2054
2243
6244
9579
2059
1293
9811
5968
256
5862
8945
9047
4556
8886
953
9545
9237
1409
5243
1248
2187
3690
4140
1034
2798
3320
9302
1950
2189
7711
7231
4161
8777
1443
3593
8037
1830
4733
1241
7141
6449
2606
3448
1634
8188
3252
5754
6171
3582
9193
2305
1315
9691
1787
9206
7042
3577
1964
9494
3782
6345
5557
2685
7758
609
2742
543
6553
4041
1566
4777
7869
8058
672
335
2941
6727
2075
9864
6212
5602
344
3588
3229
3871
3914
8274
7293
5733
5401
7424
1527
562
1781
1855
2856
1169
776
9155
1947
6600
5434
5440
9749
9781
2866
6442
5384
2217
5775
9925
9750
8358
6245
192
7993
7823
6135
9300
9766
4563
4562
5935
6260
8795
5055
4564
6027
6572
4976
5883
6731
3467
8396
439
4826
9137
596
7432
4680
4396
8332
1013
4389
7239
2216
5338
6039
9106
915
5762
7875
2910
5049
6270
7659
6968
6596
3417
144
1885
4301
4945
3714
6269
4333
2436
1551
3075
7671
8657
3896
8855
8648
5973
2991
3041
5741
5926
9603
3383
2253
3730
3241
270
8700
8147
1868
7076
2567
5243
8039
9783
3274
6179
7386
2302
8485
7339
3343
7145
4930
2368
3545
4758
6838
5673
3031
1281
9811
4066
4297
2398
2374
1237
6394
4066
8227
1462
6781
6119
6908
9076
2812
8792
82
5089
1909
4703
2827
1268
9098
9317
6473
5283
3105
7242
9584
780
1302
5440
9414
2778
4558
1487
2192
6282
7051
2844
9146
127
3302
3163
6345
6361
8228
3529
3943
6150
6085
1219
8589
7842
8138
3667
8627
6062
1132
1853
1393
6375
2008
5820
4629
9669
7359
4577
2487
4937
6006
7911
7655
501
1978
1298
4222
8081
8723
9683
2779
9911
431
2471
5445
2726
2349
535
531
9612
4598
5592
5675
137
5339
9268
9009
9271
1263
9558
6588
8404
5047
2054
6369
5769
4289
143
2819
8449
9366
1124
5378
3210
7977
1418
7794
711
360
4591
1414
870
5619
1622
9532
3480
3674
5541
9478
8514
520
8590
6094
4343
2661
5197
9594
6303
1304
7491
8773
8699
3589
1717
5285
7251
9866
5002
6214
2583
8054
5357
2746
3641
5799
8537
9076
4138
7220
2500
9692
5351
2337
3209
1520
7887
1341
3522
8012
1709
330
9622
1837
3895
6229
8652
8487
3012
7600
8213
7064
5496
4652
8880
6108
1255
5505
4932
9136
9560
8484
3664
2474
5092
1915
568
7117
9315
7839
5431
9753
8694
6590
9481
6461
2138
6736
8746
240
6702
7557
2202
6806
2990
9155
1774
8343
8464
5838
2686
4663
6350
9957
2971
1989
2380
3864
9029
5265
9906
4922
1387
571
9353
6421
8227
6805
7799
2678
9187
4879
9628
8659
4215
5256
2436
7963
7304
876
3622
9424
6667
624
3332
6878
9196
2927
4044
343
2354
4324
7460
4991
2311
5106
6107
8092
778
3222
9256
9079
2294
1226
4460
5371
7867
330
3602
6218
5543
2339
1722
4924
5022
2238
1336
8111
6533
8302
1740
2898
9844
9941
9953
9069
8123
5039
9064
1104
3406
7059
6964
5311
2130
9108
8125
6907
548
2565
9967
9537
1207
6640
3697
7900
2737
1845
5527
1948
7189
5919
5474
5119
9050
5368
9801
8825
4051
4436
2364
8234
7922
7525
3231
138
8513
2266
8717
9683
5139
8503
7335
2930
1519
929
1131
2084
6967
2741
1170
3440
3886
6701
3298
4544
1578
3416
6186
961
3643
2464
4234
9455
88
1707
3478
2575
2484
9284
7550
7497
1315
8136
6331
1663
9547
6995
7000
1773
8638
3704
6688
3311
3092
1127
8208
9145
7316
4031
1101
5783
1922
4933
5873
2223
1816
1685
5479
7471
9969
7008
633
6127
5142
6282
9412
700
3191
8799
6420
4294
6513
7475
2488
4423
6141
7985
9033
8871
1482
792
1740
1033
9575
4689
3857
712
7209
9626
6683
4752
2802
5838
6069
6794
6276
5711
9419
16
8506
8346
9103
4734
7240
1490
331
5551
9946
5651
8317
532
7248
8922
5040
4967
3474
7654
490
4823
1168
2660
2048
1592
6575
1531
4952
2089
3867
5040
9223
7408
1299
4363
6471
1812
4332
7257
8360
9195
2821
5662
4989
1030
9634
666
8565
6130
5320
1604
620
5640
8180
325
2441
3497
5471
3828
9096
6636
9466
5528
2810
9438
4300
8884
1982
9985
434
9838
6662
6245
6296
5215
4101
2154
766
1104
9517
4117
995
7746
7312
5538
2175
7619
1325
519
7952
7193
3510
8156
715
7056
6791
415
2200
3073
6174
301
7116
534
5093
5534
3536
9478
4510
7209
1114
3273
3228
4113
9632
7813
3770
3622
9511
7039
5167
5765
5537
7435
3845
9062
3983
8162
1178
7870
3244
8771
9776
2768
6998
9537
7112
2531
4952
8322
3079
6172
5374
8814
7465
1671
822
5813
9959
9020
957
1133
8143
8273
7813
1046
2508
6141
7435
1329
3680
534
554
7542
1080
852
6105
4778
4292
492
7399
1580
5308
2736
6895
4003
3931
3545
5092
398
8957
6207
420
144
8161
3187
7988
7631
2611
8154
3865
9456
3885
815
1390
8719
2345
7166
5528
2955
6583
3091
5952
9700
2695
7417
7920
1887
2022
5215
9113
652
6029
8394
9737
7309
3154
76
8751
6354
7849
2513
1610
6064
8169
6621
5663
4665
4536
3092
4335
7516
5897
5452
7872
3406
181
1187
5747
7979
5716
2655
1517
1250
6930
2803
7655
3569
8819
4408
6159
8214
3983
3326
4422
2360
8138
4815
997
1244
5577
4063
5725
9423
2907
3692
1099
3325
1688
3740
3357
5643
6498
488
8059
5763
2733
4587
8070
9968
335
1873
254
1550
9846
2358
213
4927
6681
6998
6251
2971
9250
9662
8317
5055
6449
8824
2786
6182
5268
9159
984
7610
5196
4808
3290
6726
2550
3706
950
4958
338
7353
5214
7256
9807
2010
4717
4533
8196
2869
8507
3616
6453
6997
4215
3844
7893
2609
289
7496
8877
8822
3521
1702
837
3166
4970
3229
5710
7831
5216
3574
4508
4297
1818
8052
861
817
4887
1848
8656
3654
4783
6877
60
1132
2773
753
827
9606
556
8445
7795
5513
131
2971
5738
1540
5928
5296
7775
1607
7276
6056
6233
5488
5727
2957
5583
7085
4274
3068
4328
8496
4209
369
1650
989
1850
7059
8498
3704
6308
9576
6519
5144
6838
6115
3934
5503
5288
7926
5182
637
4810
5755
2680
5029
1152
5912
6843
6311
5546
7079
2598
2756
3121
6104
8573
4755
1062
2428
5222
7122
4295
5107
8023
6830
1388
8641
7527
7723
6707
8089
4215
9750
2099
2070
3623
2673
3457
113
7320
5337
2480
7870
5336
8767
4060
5251
6630
4067
5095
2812
7626
5770
7435
1710
6971
2731
9654
7914
4011
8720
4471
7025
9183
8561
6367
4020
6778
8869
723
834
5618
5029
939
5651
1256
9289
6414
6892
1748
4989
5578
6141
4708
5285
5153
993
7673
1440
9237
5196
7733
2259
2686
2808
3537
2032
2859
2475
4792
792
8521
7896
7108
63
3179
6795
5851
7154
8764
3074
8646
8405
1238
1055
7576
7860
5738
8228
2665
6171
3519
4744
7372
3033
9209
2269
3883
5982
3554
4276
1241
47
7228
7920
3590
1400
5711
9154
2095
3752
2341
8581
2271
1718
5085
8179
7397
5616
1987
7580
3066
5272
1057
1594
951
5297
6986
485
195
8814
1616
1157
9798
6082
5870
715
5348
28
6623
7580
6308
9849
2408
1950
2470
6366
6350
1081
6606
5353
6101
6515
2883
544
7175
6565
5260
7379
8192
2449
494
74
678
7014
9284
118
9031
528
5783
6532
2859
5102
8149
6058
8465
1756
1659
8430
8864
5384
426
4170
3945
3403
5702
927
6413
3973
4029
486
3243
758
6579
5548
9968
1675
4146
8393
2393
5290
5215
4
4885
8990
1266
6825
1043
233
8114
7742
2723
2519
7082
9636
2475
4708
6697
9257
3770
5645
9838
3407
6092
2194
2942
284
6770
9019
3019
3459
6580
2222
7830
4554
8158
4498
8092
1264
1912
5301
6127
4779
3256
2350
9552
6611
2557
4158
6260
9881
3292
5286
3532
5836
782
6005
9190
7059
5434
52
5857
2568
7834
1740
3729
3001
7688
6782
8944
9542
9581
7917
517
4756
513
3017
8345
2782
7096
1223
72
1836
2652
5672
5805
4008
6079
9766
8072
4468
2522
2862
7344
9454
1751
1131
1565
6330
5390
424
4947
367
5471
7554
6491
2712
5502
9388
9351
1502
7410
7474
892
4980
8463
5645
7778
8564
3284
2829
777
6325
6944
2024
8001
9542
2423
7700
3219
7601
6424
8576
8332
5409
4172
662
123
9136
5872
1930
9587
4749
1275
6454
1730
2672
1283
1057
1376
1532
655
9353
7574
824
1314
7628
4281
1316
1982
6617
9533
9515
8352
7239
8381
5763
5237
13
4825
356
7551
8012
512
1661
893
1767
2738
3367
515
5483
5539
4984
93
5080
636
233
1560
7662
2462
3217
3847
6255
101
9241
1898
1374
3120
2625
9210
2851
487
7260
3489
4528
6569
2487
7043
3681
58
887
4019
553
1022
1617
5854
1066
6940
5912
5202
1532
5412
8852
3722
2442
384
2029
2606
4865
5431
8710
505
3184
7337
3825
5533
3136
4507
7564
4249
1932
2227
4313
990
8572
5012
5745
8553
3549
7066
6325
762
1304
6127
7299
7869
3792
5573
9101
8879
5631
1515
4266
987
3911
4394
4660
6865
8924
783
5678
4854
2915
5390
3450
5218
1864
1697
3200
5632
3021
57
3939
2761
2304
4196
7695
5674
1151
1825
9102
7544
5092
4036
6841
497
6112
5584
5104
6765
3490
288
3721
9004
6983
6772
2874
2339
3471
6344
9371
5667
8200
6621
2024
3389
8014
6113
2588
7381
5825
37
8941
4774
9186
4590
1145
9784
1773
8356
6683
120
109
9328
6006
8794
6132
2998
9250
3243
6718
1310
3514
7050
6884
9195
5439
1309
1508
7207
5109
2451
116
2014
2846
7434
3360
4486
8013
805
2317
5378
9655
269
6133
7631
3103
4430
5840
404
2360
3182
6716
1282
5221
6164
9342
7567
1699
8385
2761
6417
3447
4966
2936
7017
8333
6263
1690
1046
487
8141
9805
700
9257
6808
9811
2441
6064
4001
9916
3794
6402
3183
4713
4415
3018
1556
386
1493
5138
3094
2443
8104
2085
3542
4696
5103
8738
6249
350
3861
2044
1393
4212
8205
397
6540
9531
6684
1399
8901
4317
1166
7641
7182
4041
5095
4777
7912
11
4200
5309
3556
8348
46
9521
9396
4489
9739
485
1208
5906
693
5608
2068
8392
6119
2438
1797
8908
63
2607
8510
467
5013
2129
3666
2961
9216
6943
7322
4136
1702
4018
7422
1718
6023
6910
3674
5341
9387
4655
4613
8392
5756
1622
6654
8574
7268
5943
6197
6946
3119
437
3812
1829
5945
9232
7030
8235
5074
1582
6318
6556
4762
823
610
333
1383
1614
6743
2741
2491
7136
866
7353
8064
6533
7409
4767
7597
6034
7289
6182
8259
9749
4320
6425
5232
5469
5203
7741
1533
2548
7340
102
3303
5782
2173
1569
4383
5259
5755
4199
246
6162
7952
6202
8068
5260
197
733
5850
2447
2963
7632
9154
2095
2501
7877
3015
2962
7088
7050
6888
2739
7594
3572
7053
3309
6466
1194
2254
289
2273
9152
361
1883
9810
3370
7791
2898
1119
6627
1041
1597
1320
2101
4201
3332
3008
5507
3737
9814
7593
8394
4355
334
8434
9075
9744
1394
7916
6086
8304
4980
4467
6145
1136
4313
360
8950
339
896
9873
535
4900
8137
3731
2130
8430
39
7122
7181
6805
2260
8769
1823
3955
5826
5766
7043
7235
4281
8616
5520
8713
7665
3179
1523
9946
7210
1867
8177
8193
7991
2472
1719
3705
6937
4203
6418
6143
8455
7959
5262
4792
7294
9322
6083
7618
7853
5751
1623
884
2837
6391
7530
5469
3261
9937
2750
3521
5199
364
3468
6572
2440
2824
2652
7943
4566
7402
7534
4087
3086
8252
4071
8170
6615
413
4073
9574
5071
3602
7077
1256
1092
4489
4939
8587
5093
5406
4135
439
9771
5815
5074
6171
3412
4614
4868
9397
5403
1430
3777
9848
4888
6311
2904
7338
5221
506
1979
127
4473
9809
9950
1051
9909
7868
6564
8759
2750
1914
1371
2790
3036
2645
3253
6989
1345
1784
2021
4899
100
3774
5439
9532
1498
5860
8779
1890
7815
5054
8221
1926
2972
9988
5719
4086
9396
2763
4777
1835
2597
9114
7293
4955
8534
3445
2408
889
8958
7419
2100
5487
4483
9860
3911
7880
740
1329
5443
4136
1282
6881
6531
9054
5770
6511
5717
6310
9877
8893
5387
9696
3387
8303
7578
4154
2628
7360
6819
8368
1770
9599
7477
1568
4981
4738
9288
7086
9321
6278
1315
739
747
8679
4839
849
7956
8905
5779
60
6156
2578
29
469
7151
2306
3285
8401
1592
6520
507
1230
3867
9499
7465
5793
5963
840
6088
8214
5683
2670
5900
407
2071
2712
8527
7154
2056
1354
9317
2217
2618
8822
844
4151
4379
2868
8590
2596
2912
5733
9974
7636
2779
4978
9215
6045
1924
7756
9605
7358
8705
9948
2387
6041
2063
7910
9739
3434
1405
5849
8567
6151
2826
9058
6938
1047
956
2836
4126
4521
8553
2578
7210
7885
2892
7402
4187
1504
2964
8336
3178
6257
2983
9096
2826
8791
6697
2253
8946
6070
2150
9651
5523
622
624
8119
2286
560
4052
8023
1725
514
7311
8524
9275
6595
6312
3369
9037
6539
30
8680
3416
1767
8722
4526
4255
1756
3409
6154
9192
3016
7401
8188
6007
6948
1339
9920
8669
5026
9163
937
7775
5661
9619
1659
8698
4066
6977
9791
8260
4397
3586
2971
4994
64
374
4666
1711
5867
763
6294
1299
8606
3450
1307
6550
1302
4004
3630
8171
1949
3339
8946
6208
3939
4768
146
19
3361
260
7259
8141
5867
8895
5960
246
9537
6035
4906
3275
8195
6814
3677
1833
1044
1870
3913
3371
7155
7213
5578
337
6052
9906
6643
6859
2665
4591
1439
1995
2426
1156
5595
857
6189
7112
783
4953
5987
3643
4166
8220
5180
7006
5242
1488
9689
3778
6972
6265
3110
7130
4008
8990
7086
7798
4821
4751
3280
9902
8892
1696
468
7544
9275
4431
7081
9925
877
2430
426
189
5397
8963
3546
4488
8247
2986
7838
9765
4968
7302
3120
9145
7179
8861
9713
2878
6845
5392
9999
6065
9683
4532
3215
6801
9842
9762
7063
9560
6077
8384
6848
7572
2037
9852
9015
4181
59
1056
1146
7232
4318
8929
2035
3455
515
494
6387
6713
8692
1893
2479
3756
5251
5167
5332
433
9150
2128
4967
7998
2869
7256
9355
8967
5189
8630
1941
1858
7547
1232
1260
3328
8462
5613
9277
2753
4869
8764
577
1644
2914
873
1948
2027
7133
8121
1782
3590
9216
9964
353
7015
8744
1492
7686
6904
6
330
5733
4543
9407
7535
5469
8481
878
794
8485
3314
7050
9831
4606
8891
6612
6188
3388
5861
7637
9379
6396
5724
4587
4543
1516
5981
7913
7799
4652
3125
4191
9043
5822
6456
1050
772
8201
5592
3364
9773
5447
4479
5065
8895
3913
234
202
8647
4865
2108
8244
5846
2603
3745
4650
649
3075
7091
6969
1483
1099
1981
955
5445
9786
3304
2675
1841
4324
4434
3657
3471
8
3353
408
4765
6729
1077
3044
4044
4134
5573
7372
7055
2116
1069
9170
4008
9875
7065
8285
2376
3923
2018
1719
6620
5744
4079
9818
6563
7537
6672
9612
6025
9709
11
4800
9892
8734
7005
3546
232
9747
3066
8691
6990
6949
8408
8682
2078
2694
2392
8423
4757
3818
2737
7830
5309
8024
4235
127
3587
5825
979
6350
3025
2641
9149
5128
2300
9769
491
1286
7197
288
469
8718
3648
510
3715
5669
9076
5876
3981
8276
6750
6231
7439
9853
1079
2611
8936
2141
4588
2227
4999
5465
5619
2747
8973
3300
4102
8712
9696
3999
3031
7640
9917
4002
6490
7150
4982
5309
7272
484
856
7064
3041
3730
2973
7230
4555
7288
7126
6289
5459
8712
5689
7524
63
4248
7531
1298
509
3311
5446
2871
9382
4220
8950
4770
3524
3222
2546
9246
5366
7253
3486
6789
7192
2162
8241
8951
2134
1282
8070
9240
6825
6868
3763
2578
1188
6530
7622
3139
6118
8911
3489
7345
1842
8294
4085
4881
1817
1638
2865
8275
7647
740
9449
1825
2299
935
2448
2333
6477
2383
6729
8847
9166
3909
4314
4000
7285
1949
6887
834
8162
6590
2901
5780
6570
2726
5504
360
6767
4600
7787
3696
6901
8443
5722
9485
9544
6865
3
1262
4335
7306
7825
7510
3288
7048
7513
8274
6234
5742
50
1847
8645
7510
483
8538
1352
399
6208
9788
7186
4441
7958
1121
1395
9665
4168
418
8735
9408
608
5299
6619
5407
8474
5444
5724
3367
2530
9473
4373
9860
8955
984
6065
5153
4147
8217
67
3707
23
5893
4662
3546
4110
7577
6483
3075
6153
9886
2429
9002
7081
7016
9787
1251
2327
896
1391
6927
5047
4233
5098
2671
270
7029
5481
119
1231
7352
6774
3455
9021
9422
3128
1275
3195
818
1234
6133
1834
4878
3227
1634
2674
6260
7298
1428
1936
2706
2886
9878
1643
6218
3688
3339
6901
9377
2291
4063
1498
6443
451
7704
2079
4214
628
8274
9075
82
9073
6619
8966
3717
5280
3094
2623
7204
1219
9403
362
1614
2722
7611
7580
2552
1245
5596
8447
802
5693
5204
8932
8631
3621
866
5950
3753
3750
2313
7243
8818
7878
7736
6492
7216
3205
4626
8563
2796
9565
2162
8109
8994
7091
5844
6456
1972
7970
7184
7069
5193
238
5873
1863
7873
91
6635
6764
4665
79
4497
7072
8099
4808
1484
9922
2883
3320
345
1055
1680
985
1561
3617
3677
4470
5542
4771
4634
1110
9335
2590
6605
2171
2733
6164
8043
1216
9350
5057
273
9369
8356
6489
1169
4694
1111
508
4382
9438
7741
2740
8351
6721
2319
6971
5376
5334
2879
4997
3402
602
4833
2509
5348
721
7059
9688
6088
5306
6873
8884
720
7025
8308
8793
3362
234
3701
4024
9188
7050
5584
8774
9733
9544
6443
5465
1273
6302
3888
1229
6930
1167
5753
2447
60
9517
2456
115
4157
1594
1438
9759
9383
8554
7888
7858
7136
2092
9870
41
7483
5549
6065
3678
988
9272
1835
1964
9811
374
2599
8539
3458
4271
4900
1742
3197
1394
2416
3349
7283
1414
7220
5650
5590
1726
5469
1166
5286
3675
3156
4436
9619
7546
1701
2060
8081
6990
7753
8670
653
332
6019
4854
9673
8058
4172
3175
2898
8645
9034
9431
8421
9084
5753
1275
4600
3594
9779
9030
7197
3113
2755
1320
2514
6752
1837
4929
4923
4913
1572
1671
7135
9207
6999
1127
1151
5604
5326
5
762
6899
7099
8954
6103
2934
5112
9552
6737
7082
217
8422
6765
1345
6782
8184
4065
432
461
4239
4855
511
290
6801
7832
5901
4692
5289
2860
4347
838
5989
1969
528
4211
9441
8440
290
5144
709
3324
4052
8811
8253
7499
4127
2584
9845
3356
8917
840
7663
4898
1458
3439
3847
6421
6328
5893
6842
6909
7963
1150
9108
2941
3730
3470
6204
4464
3592
696
7469
4945
9327
2655
4854
9519
8757
6226
3320
5103
5856
6823
4676
500
7060
6024
9189
9622
1641
9058
3771
9651
5150
9883
2879
5610
2913
7667
7574
8184
8077
148
3336
5199
5121
9739
3166
6208
7156
3979
662
533
9341
4605
1069
3423
735
1737
4188
5064
7316
1773
7166
5024
1172
7333
5567
7322
5125
3507
4078
4469
9199
4199
2229
4484
8442
6461
340
8906
1089
7575
2094
668
1042
8216
3792
6666
5434
3865
6181
4722
8165
7565
5909
2503
4858
7294
2845
9537
3793
1686
4617
2409
2300
4864
5349
4893
3645
1527
8360
9918
4596
2278
1990
1803
8961
6552
7641
5308
6487
1689
6067
7925
3479
7486
4214
8892
1106
280
1167
9865
8953
7094
751
5139
2809
2753
9162
5459
2292
2534
2891
2725
7180
7169
8781
3238
2151
8730
6717
6432
2064
1433
7183
6286
5746
650
5986
8797
1125
3008
4540
1346
3145
12
1799
7403
35
3630
1059
6205
6402
9771
9003
2842
5700
6591
4869
5291
6472
2268
5575
4938
3011
3125
991
8953
1108
6704
8079
1090
5942
2973
3939
4238
2336
6425
2383
5631
9554
5526
6441
990
1160
4845
4252
8159
3592
2959
3376
1722
2447
7782
3529
6575
8360
6667
7041
7343
6804
1891
1517
3835
9693
8427
6746
7529
1892
9254
955
8495
734
4153
8026
1772
9388
6406
2673
1833
5077
6468
1486
8770
4032
5449
4987
3537
9535
1342
1477
5725
3564
1333
5331
1032
2567
433
2668
7886
3729
1653
6013
4732
1848
8139
204
4514
4740
7446
7999
1854
2670
3013
3114
6206
5410
8634
4006
6878
234
8793
7460
7953
444
8999
2782
7596
20
1648
656
4370
1760
5691
9256
379
3096
146
871
4350
5204
9220
8293
1208
6537
8162
4472
5575
2452
7966
9754
1744
3936
9720
6807
8847
7579
6587
1858
866
5729
2428
1238
7403
8254
3855
1869
315
4221
4584
7526
9288
1111
8394
4442
8930
5751
6012
1843
716
1015
4376
6999
1420
1186
9681
8758
7899
7394
3873
6200
9621
3593
2974
7353
6448
3302
4605
1980
2507
8926
5656
8704
8792
7262
4065
5027
7526
1318
4780
1954
6421
6658
5893
8514
5226
8249
1870
5243
5309
9493
2508
8109
3201
429
5407
8903
9847
9889
2328
1612
6937
55
1338
1182
9491
2853
3325
2258
7379
1986
1182
7375
3058
8632
1887
2222
9003
7256
4240
2015
7232
9014
403
3990
5426
9544
954
7371
6987
3677
4216
2505
642
1698
9678
6661
5262
3599
8337
5929
8226
6217
3857
666
6433
3085
5607
8317
6094
7407
6065
3385
9966
1346
166
7490
9198
1504
2050
1332
1288
5884
7238
7528
9453
9843
9116
634
1504
8895
3315
9316
7964
4539
3834
7626
6510
7629
1899
4155
3439
2649
8592
8602
6417
8307
9678
1147
8270
8824
7013
439
2460
8696
2255
4971
7176
2953
9080
3468
4909
8545
1706
1538
7002
4789
7201
6523
254
6545
1810
1286
538
3547
9143
2038
8140
2388
8339
2505
2082
2231
5108
9925
3793
745
6449
5029
8198
4896
8042
2884
2161
7984
2360
8838
50
8915
803
4917
4024
3141
2436
715
5516
3595
6476
5283
6456
8506
3553
5548
4124
3737
4299
1651
699
2644
6708
849
8030
3383
178
5202
6112
3857
9849
3795
5944
817
2750
9049
5824
7554
8319
9705
4153
3559
4616
5266
3039
1824
9793
3587
6166
376
6635
3179
3986
7089
863
3502
7674
5810
4344
3072
4078
2100
9935
416
4953
1439
9304
2700
965
8346
439
4025
3350
9023
7594
4519
9247
2324
7902
1211
3637
724
9106
8884
6483
3552
2314
1842
950
2728
7128
4941
6606
9645
8946
3782
8902
161
4485
7834
1370
7226
6255
4742
5385
5074
9718
9190
5809
8644
6107
8619
6198
8352
6451
2069
3740
9924
3447
6872
8229
5718
3142
7280
6708
754
2914
7470
2836
132
9454
444
8259
5379
6196
3671
3037
3495
3301
9443
115
3833
5154
7534
9285
8584
5544
2769
6807
374
9236
9034
2125
7404
5789
831
5284
8437
3316
2898
6007
4718
2222
7344
7139
1
7570
3472
4625
5096
7549
836
3819
3812
9371
9189
192
9091
9655
1435
3023
676
2250
4893
6180
1623
1290
5754
3220
2805
2003
7632
5281
3753
524
9737
7708
7116
1996
9428
3061
2915
5018
1014
2506
5546
3082
3225
3449
6672
7328
7739
7351
2007
3891
4664
5819
3511
6992
6654
548
2444
6223
7500
7402
8926
49
8920
3579
1925
6793
8482
9833
8664
620
3549
4810
4369
9681
744
6981
5018
8943
520
5280
430
1961
5039
3424
6194
1210
6990
9222
3093
8573
7671
7081
2617
5536
6611
5573
8878
7025
9582
2862
5506
6088
6315
1248
1430
5877
7391
7587
3738
8911
6093
1445
9568
9
9487
9302
1812
1771
3733
481
2991
8890
6660
1406
433
6420
432
8712
4047
7774
7434
8699
4101
3087
6279
7138
3555
886
4526
4561
4855
120
4865
6737
5382
2284
6559
1559
5535
8424
7523
6424
6578
9734
6311
9003
1476
9345
7021
4669
8518
7148
3475
5354
5514
5684
2019
5570
6192
6301
8774
5164
9541
6625
6252
1492
7015
1916
4764
2816
4889
7002
3712
361
5294
5037
8250
2380
184
9593
8505
5047
8691
8874
5370
2450
3324
3655
8288
5770
2171
6311
1038
8613
6804
2770
2650
1032
4942
8559
2005
2239
598
8370
2123
3217
3181
7728
798
180
3070
2067
9668
9860
4635
4994
2303
8944
1962
9043
7393
2193
9460
7793
28
4873
5536
9232
9019
2414
4911
9150
9586
5697
9019
2125
9437
2134
7492
5113
851
1217
3202
3343
2415
5260
8945
5518
52
7109
2618
8583
9765
5898
5439
8852
9368
4458
4153
6455
5853
8501
312
5048
3132
78
7955
7133
197
9562
551
9972
8716
4091
7312
2107
7946
9575
1719
1951
577
44
5529
8800
3345
4021
3256
7893
9109
7452
5734
8529
8608
355
8125
5787
9738
5021
8065
533
4368
6520
306
3757
1952
6291
7679
3210
4279
8969
8485
5712
2277
9932
1300
4777
3989
1277
1311
9218
3936
2289
8512
1665
2946
4017
7374
4823
3578
2080
8575
3662
7692
8031
689
1926
9077
9965
6174
3058
4185
9817
6933
8821
4084
6489
9597
2915
2796
3443
2537
8469
8642
3171
5776
2701
4430
4707
7013
7375
226
1062
4572
5564
6870
3893
4597
3829
106
5516
9279
2197
6255
1641
5322
4422
7708
6600
4370
1149
7479
5343
995
9115
4614
4118
1981
2808
5956
1821
8158
4265
2316
955
7999
3374
2521
8577
316
6829
2452
5780
8267
4280
8175
9957
1559
8815
7456
5674
1296
4920
3884
3241
3351
6633
839
4660
3528
3049
8398
1671
7467
6127
9888
1745
7039
581
9760
6659
7872
1212
1340
9220
8493
9024
1656
4596
2024
5285
6825
5453
3575
3173
2971
5082
4311
5888
940
3488
4518
9397
5249
7211
5197
2664
2811
5272
5703
8601
2506
7444
4810
1831
3940
8078
5101
774
1176
8708
2846
8353
349
710
8119
8447
4414
915
8286
6944
1246
6272
2047
1608
2560
6514
7869
8685
3525
9880
29
1785
6339
2166
877
8241
6209
4850
6197
4577
477
8679
9758
4143
3152
1491
5416
3
4677
5586
4863
6748
6441
1346
3535
825
3869
2159
2667
6618
7497
5265
247
3654
2343
5921
1787
6293
145
2327
5344
1235
2612
2084
6843
6050
419
5409
5803
3901
9541
465
3483
4188
5288
191
7350
9774
6748
4429
9195
2676
8788
9925
3983
7690
1090
5437
2368
7534
222
6386
8499
138
8707
6786
5452
8540
790
4624
3494
4785
6762
7723
8309
397
8110
4905
9979
7755
20
6980
2913
5952
8966
5200
5894
5606
3303
5938
4491
337
363
2546
8306
9497
171
1945
2400
7870
2543
1453
5241
849
5224
5223
440
7145
2845
9310
6608
2240
1114
4554
4536
7076
8759
3236
9451
1822
4244
1618
7682
2432
1907
5390
5853
2305
3832
2255
9029
8384
3969
5971
4032
9499
4464
5046
5827
1171
4091
7561
3233
6392
5873
366
5180
3298
266
6028
7442
9245
7524
8326
6560
4300
8658
7502
9556
1675
285
5419
847
2446
6095
4069
6544
5467
8756
3499
8112
2700
4263
6721
5729
8375
558
4244
3921
2827
7334
5614
1459
1324
4479
6265
9774
1008
4757
3614
9208
8476
7989
2521
1758
4784
7104
6921
4965
1072
7915
8152
4142
5259
923
4857
9414
1036
4367
9076
8975
7737
5497
2290
569
6769
9861
3199
1540
6769
5520
8894
9578
6795
2065
1356
1141
9360
6330
8583
9704
7862
8894
8302
2203
503
551
4492
9533
8432
6432
8085
8963
6613
5774
9693
9548
9095
1278
7603
80
1703
3796
5424
9829
1077
8079
7655
5138
1162
1003
3756
5461
1546
3611
5758
2860
965
2041
7898
3399
2482
4053
7091
1564
9693
9607
2572
7256
198
9312
9345
6743
1627
8415
3014
5038
5715
9540
6320
1053
1768
7009
5951
5298
6641
5991
5122
7658
5045
488
2484
2460
1020
9340
9298
9828
31
1269
585
3036
5549
5192
4667
3067
677
2086
6624
5871
6275
6745
8681
125
8076
1966
8805
5949
5749
2004
7830
1862
9431
293
4435
2664
5798
220
6814
5377
7271
1162
2286
4395
1689
9683
7901
390
7953
2621
1645
9022
5055
6716
655
1456
4619
5043
7317
2073
8298
6633
250
2838
2186
4364
5060
6624
9246
2747
3390
339
33
6078
5034
7806
8498
7200
8000
6184
9225
5102
1159
6047
2383
695
8983
8249
1373
6795
6287
6132
8885
1635
2475
5272
4693
3325
6344
4190
3671
9946
8084
4433
4938
7114
4598
8251
4826
8543
2849
2706
5262
2656
1739
7322
235
1315
4866
847
3825
9714
3345
6188
2407
6974
9916
675
6684
291
3217
6853
5629
9304
7923
5651
4329
5981
779
5679
7944
9914
7896
9522
420
7022
5544
9545
698
668
3552
3058
9576
4272
9938
4053
7774
9489
6169
6325
5135
1241
4158
9788
2539
1054
2200
7554
2892
8729
7380
2687
8942
9792
5736
5716
4544
9719
4188
6900
8043
4993
156
7599
7539
5947
9050
7437
4248
3491
7065
760
4418
7894
786
5653
2583
5016
7577
4829
5917
2539
2592
473
19
7792
1896
7091
8766
7559
1969
1430
5213
2786
4921
7734
4220
9869
4799
9050
5356
5479
693
1340
5132
6190
3167
1028
112
4795
7734
1823
924
3030
4059
4966
3009
7533
5090
6902
8788
882
1147
7055
8405
6250
7897
5993
7360
8080
3721
5952
8560
6466
6518
9885
5381
8967
3689
9900
3885
4363
8597
1653
5111
8220
4785
2248
9978
6382
6269
1615
637
5826
4836
1669
3723
2172
293
2193
3954
7371
6750
131
5973
2424
2650
8563
140
3832
8332
2425
6617
6253
3288
6856
4491
1370
3958
2931
3816
3308
5754
2147
4716
8526
8320
9875
7542
84
5748
201
8865
9086
5538
9552
4851
7085
5514
9998
5033
5797
8116
2294
6198
524
1406
7754
6523
5333
6142
3943
4187
8666
816
5459
7336
6728
7613
1979
1921
6893
6329
6628
1250
6817
8891
1312
5328
7485
1676
5236
9513
388
8595
8299
3452
309
8278
5584
4404
8425
2668
9894
7738
9677
1689
5563
4881
1722
8655
8902
6824
8050
4276
7963
499
7688
9750
2393
7328
6011
1407
9125
7773
8675
2415
5562
7607
5559
4814
5021
4769
7939
9329
1097
7919
5864
2200
1839
4468
5516
3381
5270
2566
9349
8772
9553
2889
9239
5995
6164
6372
2020
2377
5843
7024
6478
1041
5727
7179
5973
4151
6672
8909
6344
2728
1512
2348
6048
8076
1210
2139
2418
4561
8791
85
7165
6892
5109
7389
5784
9517
9994
6034
9109
7048
3188
20
1527
6754
2626
8499
1818
7801
8870
9346
1851
8060
6044
7804
4008
2270
3982
7787
5204
9713
7077
3830
4603
6530
6842
7253
4138
5239
7728
9148
4490
4419
7108
4675
7684
7193
330
6588
8977
5601
5415
9503
8083
7393
1524
7213
3147
9217
5385
9990
9236
5775
3026
239
7855
3501
5081
7632
2211
1001
4084
3953
5841
8957
621
2413
5289
9358
1964
610
9664
1044
7837
8276
1602
210
4088
6650
9180
6374
5466
8766
2254
4504
6004
4628
5488
522
3735
3872
2119
221
5628
8591
9637
4279
5809
1247
2962
7076
7799
9720
9690
545
3636
2442
802
5414
7996
2277
5410
4153
6838
6596
5624
8137
2034
9955
8923
2376
5805
1032
9216
3199
7761
48
8678
7352
4086
8215
2789
3479
4782
1032
9385
4153
4381
8986
6597
3909
8204
1440
5661
1258
2858
5027
7815
7837
1755
6360
8959
9896
2721
968
1755
1674
5810
7344
9816
2054
9480
1422
6152
4041
5856
9266
3082
5437
6697
6538
4445
7361
6673
3862
1207
533
4562
6802
9367
1025
3057
5368
3120
4732
564
4339
8274
9336
2109
5551
9406
1081
7115
5819
3727
5730
9370
6042
5513
4149
2255
8994
6941
2209
9557
1889
7115
6343
5487
6746
5573
669
5094
1700
563
5473
9718
8658
6269
987
2587
2633
676
6199
7028
4228
4041
5233
9318
5770
2879
6232
5869
9827
8693
5142
9697
218
7391
9903
4331
4664
6469
655
6792
4260
9587
2993
6910
7182
7183
3366
4765
3004
2342
4881
7015
4125
3125
1194
8076
3464
9559
3834
3850
6
8579
2722
3826
1580
9964
1013
5242
5566
335
1195
2966
3660
579
4266
8385
8208
2329
8729
1472
9477
1718
9252
76
5379
876
8362
2112
5126
144
7118
233
8628
3848
8195
5091
4516
5580
2215
3746
4990
678
7628
9224
413
1233
5770
32
6863
4730
1678
6861
2252
7576
1568
9719
3626
4724
9247
1604
3169
1143
3788
7110
9833
1793
4907
3142
2487
7364
3286
930
7984
6774
2288
7167
6114
3021
8147
3193
8783
2632
7662
3040
6987
9166
1027
8074
6122
484
3775
2077
1847
469
7259
2256
5971
7976
6948
2772
8827
7907
2200
8202
5655
8224
3502
6382
9106
5351
2491
9175
5076
3994
1601
726
2845
5527
3080
6224
5108
5247
8373
8565
3053
3385
69
2667
9593
3565
9385
5287
9941
9640
229
6891
9845
2428
4468
8089
2316
8275
1276
5682
9593
5481
8280
7483
8572
5081
4888
6628
7421
9119
4344
6950
4253
1251
6167
7088
2944
1949
9015
1580
5866
7079
2853
4818
9795
9730
8688
9533
2681
1330
6027
9206
7038
5618
6284
7200
9449
5180
3314
4744
7109
9276
5585
9867
1171
952
4717
8529
8348
4213
1805
7463
6178
5116
2852
324
6238
4377
1058
406
4816
9638
6146
5647
8195
3792
3518
1454
1952
2836
5114
5998
1195
8717
3611
6003
6858
1462
4586
8263
1238
5167
6280
7423
6657
2944
1327
7716
691
3954
9591
908
3877
407
1875
8902
7170
9126
2186
1876
8455
6082
2342
7355
3596
7616
6230
5299
7276
8664
3534
8749
5136
5086
9000
3716
4509
5766
8207
4654
6061
6127
5255
5736
7023
2388
4432
5969
5191
8563
4355
7867
682
4554
7628
462
6482
8210
7549
8848
1662
6092
8627
3339
2225
7620
2780
1126
9995
5183
9319
2200
8480
3998
5421
1348
6257
7043
1553
9556
6291
4248
6170
1475
5586
1104
2430
2389
7178
6081
6325
980
7645
5582
5317
2469
9793
2966
6307
666
8607
8129
9351
1203
2079
9331
3663
6056
7413
9305
2301
2526
2253
8681
4056
6216
1933
3185
4376
9072
3739
4501
3058
9389
3893
7798
9978
7697
5594
2345
8143
4162
2274
3887
7597
3163
301
8448
8038
327
3091
6406
9862
4139
544
6487
2114
8991
4832
6406
9249
8629
7210
4301
3810
6667
9818
2551
9268
6787
5383
3511
2768
6341
4562
5057
2998
4458
8389
7689
3725
4389
962
2416
3451
7188
7823
5719
7172
6741
685
2929
2169
1636
348
8779
2126
5131
7065
8273
9959
6109
2036
5953
3544
237
5377
6853
6155
8494
9106
1679
2356
8530
3233
4446
9678
4837
6580
7469
5428
8244
1206
68
6178
8157
2647
3890
2610
5135
2136
1049
8279
7791
6901
7849
3935
6491
1975
2909
3959
2064
8410
4413
1136
4326
7620
5497
202
2383
6198
2809
7495
2148
6161
17
9969
7843
7539
6347
8822
209
5193
5147
1376
1813
2861
9845
7592
3476
6872
8936
5110
1836
6698
3999
7038
7730
8982
9655
7501
3185
8485
5527
7620
2299
6462
8496
1927
8643
3980
7969
8613
799
1490
2836
8246
724
1693
9203
9532
8596
3912
9345
4722
7931
6093
9839
7952
1449
1174
7940
8251
4920
6403
7093
3088
7902
2415
2207
8529
4665
9424
4643
4242
708
6929
2698
3816
9026
9456
5639
6012
7559
824
6008
5866
4504
6709
872
6051
3870
1033
3918
1278
5184
1940
5377
7562
9906
341
7424
77
3078
8688
7380
726
7890
6423
9382
6392
1453
6926
2997
3337
1088
9518
3850
3539
5294
8406
2357
9966
7141
6652
3475
9
4130
796
92
1367
6421
2925
9469
331
4721
1139
5412
7927
7030
27
7228
3097
6038
8713
4469
8002
9099
6094
6044
6717
2197
5818
8253
484
9781
6534
4027
557
3225
8433
5947
256
7864
6175
8903
8246
4041
8049
5159
610
2951
2800
3606
835
8664
8289
7257
2422
1698
949
1210
3063
5018
3118
2409
7591
3338
2450
4726
237
2777
2016
6272
2213
6678
1564
1383
3979
9496
5767
4919
942
2500
7502
8988
3567
5395
9047
5134
6346
3180
3903
6860
5014
8936
9306
4308
3669
6273
443
5095
561
2750
7611
4533
7486
9597
8835
3788
7608
3066
6386
1840
3694
3030
5186
663
3606
1090
8923
5283
9790
4052
8156
791
1825
8321
1514
874
1435
4804
3374
1106
2501
4067
5207
9782
6244
3801
7730
2459
1557
6970
7084
7942
3751
1333
5551
9990
5613
2964
8956
5084
3595
627
4206
8539
2371
8989
3530
7123
8109
3258
9572
3988
1880
351
9839
4727
5911
6572
4197
5291
4821
2563
9985
6529
6972
3742
989
9690
8549
7060
2711
1299
8124
6171
1195
2434
9196
8310
251
9863
8842
4939
324
9336
5384
78
5240
1153
9985
1012
4166
9420
3484
6893
5789
9684
7335
6902
2647
746
3253
5111
5764
9207
3408
4109
3125
6331
6755
8761
3718
6263
3253
4713
5882
4938
5113
2256
4962
6784
5498
3308
2367
3816
8363
1249
4973
4322
4450
3892
8200
2598
4631
3184
2751
9721
9054
8198
6954
2349
2063
4813
2805
9034
7095
4916
746
3787
723
9516
2598
7173
301
3381
1969
4737
2834
9310
9208
119
9288
2528
3768
4432
1428
1070
2500
7197
1961
5105
9469
2470
2228
6063
6099
3339
4510
1562
2076
8123
5428
7523
5058
3102
5187
7416
6717
7176
8912
1813
6981
2849
7795
1693
4112
2642
373
8687
3692
3273
204
8080
2540
8204
1052
9776
375
6839
8298
1852
7104
6208
9208
1116
4466
9805
7837
7332
8373
7263
5092
3320
7384
7236
1902
6202
2240
6568
8769
2718
8750
8120
9502
2220
519
28
2662
3568
2575
1142
1349
9756
5210
7020
3897
8378
2414
6538
393
4512
3033
1148
968
557
3715
8949
8368
2241
6074
5739
9145
4728
7876
2217
5766
6580
9905
7400
913
2064
5550
1072
5649
6710
9631
6179
9589
6237
2963
8303
8650
1193
8138
829
1047
1528
8437
7027
5776
7929
4592
6833
4965
1784
2204
5868
2051
9496
4470
5617
2714
9553
7590
5500
2737
3015
9101
8018
2886
1090
6069
2845
2537
1836
3270
9870
4441
1329
5366
3466
6146
7289
4977
3695
664
4236
4426
578
5679
5612
6885
8420
5537
2949
3476
3404
283
2171
8650
1853
7728
8631
8756
9783
2205
4374
9552
8057
1276
7929
9213
1297
6782
2946
3863
6383
802
6837
3403
7764
1151
57
9305
1474
2807
8237
8510
7001
5906
4219
7579
9191
719
3530
7800
9230
7530
5190
6322
9007
5061
7123
7258
4095
5947
3889
5661
526
6489
9090
2448
328
930
9276
8509
1704
1616
6959
83
450
337
1556
2680
3433
1908
4939
465
5843
7551
3110
7851
2909
1797
6401
9728
4497
5884
1338
2169
7946
5960
6636
2183
7939
658
6459
2113
2100
5363
5382
1890
5162
9237
1080
162
4976
3431
7318
3058
9441
827
4089
3511
4460
1618
2465
6263
1183
8363
7008
4204
8572
3304
8904
4029
8365
1835
4926
3689
3096
8847
9337
3721
5671
